951
2826
2476
758
3290
2308
2669
23
2325
3669
1040
4390
1036
342
4608
2560
4431
1821
2406
1228
2056
1923
4257
3287
4353
3708
3220
1960
2312
1013
3436
537
1943
2574
481
951
2064
4053
4282
4108
1790
4003
1060
4685
1760
1833
2913
4209
2757
1631
360
1342
2447
4477
2074
2832
3438
3345
4728
3789
3828
2195
2776
2730
4718
4235
4647
4890
4418
3138
344
722
3245
483
4664
1236
4122
1146
4662
1456
2338
1167
709
4400
1226
3650
1419
2640
2410
2476
1706
2908
2189
3735
2188
1292
574
246
741
3019
577
1934
418
3578
4796
2061
864
1067
448
2890
2437
1466
4773
2096
4424
4401
3573
2334
2084
2492
3577
1878
3690
1597
1512
2862
2015
4826
4508
2796
1487
2352
801
4203
4696
940
1558
4763
643
2220
3738
2074
3173
2892
4058
3082
593
3914
3538
1023
4438
3118
4643
562
1764
2623
299
1640
2509
77
1106
4187
723
4244
4920
4426
4129
4034
4117
100
3010
3639
890
3872
2588
3985
737
4990
4228
1335
3151
1339
776
1257
3955
2831
4353
4302
63
707
2099
2831
2008
3423
2269
2875
68
2023
4132
4184